0.01 0.990042
0.02 0.980182
0.03 0.970421
0.04 0.960757
0.05 0.95119
0.06 0.941717
0.07 0.932339
0.08 0.923055
0.09 0.913862
0.1 0.904762
0.11 0.895752
0.12 0.886831
0.13 0.878
0.14 0.869256
0.15 0.8606
0.16 0.85203
0.17 0.843545
0.18 0.835144
0.19 0.826828
0.2 0.818594
0.21 0.810442
0.22 0.802371
0.23 0.794381
0.24 0.78647
0.25 0.778638
0.26 0.770884
0.27 0.763207
0.28 0.755606
0.29 0.748082
0.3 0.740632
0.31 0.733257
0.32 0.725954
0.33 0.718725
0.34 0.711568
0.35 0.704482
0.36 0.697466
0.37 0.69052
0.38 0.683644
0.39 0.676836
0.4 0.670096
0.41 0.663422
0.42 0.656816
0.43 0.650275
0.44 0.643799
0.45 0.637388
0.46 0.631041
0.47 0.624756
0.48 0.618535
0.49 0.612375
0.5 0.606277
0.51 0.600239
0.52 0.594262
0.53 0.588344
0.54 0.582485
0.55 0.576684
0.56 0.570941
0.57 0.565256
0.58 0.559626
0.59 0.554053
0.6 0.548536
0.61 0.543073
0.62 0.537665
0.63 0.532311
0.64 0.52701
0.65 0.521762
0.66 0.516566
0.67 0.511422
0.68 0.506329
0.69 0.501286
0.7 0.496294
0.71 0.491352
0.72 0.486459
0.73 0.481615
0.74 0.476818
0.75 0.47207
0.76 0.467369
0.77 0.462715
0.78 0.458107
0.79 0.453545
0.8 0.449028
0.81 0.444556
0.82 0.440129
0.83 0.435746
0.839999 0.431407
0.849999 0.427111
0.859999 0.422857
0.869999 0.418646
0.879999 0.414477
0.889999 0.41035
0.899999 0.406263
0.909999 0.402218
0.919999 0.398212
0.929999 0.394247
0.939999 0.39032
0.949999 0.386433
0.959999 0.382585
0.969999 0.378775
0.979999 0.375003
0.989999 0.371269
0.999999 0.367571
1.01 0.363911
1.02 0.360287
1.03 0.356699
1.04 0.353147
1.05 0.34963
1.06 0.346148
1.07 0.342701
1.08 0.339288
1.09 0.33591
1.1 0.332565
1.11 0.329253
1.12 0.325974
1.13 0.322728
1.14 0.319514
1.15 0.316332
1.16 0.313182
1.17 0.310063
1.18 0.306975
1.19 0.303918
1.2 0.300892
1.21 0.297895
1.22 0.294929
1.23 0.291992
1.24 0.289084
1.25 0.286205
1.26 0.283355
1.27 0.280533
1.28 0.277739
1.29 0.274974
1.3 0.272235
1.31 0.269524
1.32 0.26684
1.33 0.264183
1.34 0.261552
1.35 0.258947
1.36 0.256369
1.37 0.253816
1.38 0.251288
1.39 0.248785
1.4 0.246308
1.41 0.243855
1.42 0.241427
1.43 0.239022
1.44 0.236642
1.45 0.234286
1.46 0.231952
1.47 0.229642
1.48 0.227356
1.49 0.225092
1.5 0.22285
1.51 0.220631
1.52 0.218434
1.53 0.216258
1.54 0.214105
1.55 0.211973
1.56 0.209862
1.57 0.207772
1.58 0.205703
1.59 0.203654
1.6 0.201626
1.61 0.199618
1.62 0.19763
1.63 0.195662
1.64 0.193714
1.65 0.191785
1.66 0.189875
1.67 0.187984
1.68 0.186112
1.69 0.184258
1.7 0.182424
1.71 0.180607
1.72 0.178808
1.73 0.177028
1.74 0.175265
1.75 0.173519
1.76 0.171791
1.77 0.170081
1.78 0.168387
1.79 0.16671
1.8 0.16505
1.81 0.163406
1.82 0.161779
1.83 0.160168
1.84 0.158573
1.85 0.156994
1.86 0.15543
1.87 0.153882
1.88 0.15235
1.89 0.150833
1.9 0.149331
1.91 0.147844
1.92 0.146371
1.93 0.144914
1.94 0.143471
1.95 0.142042
1.96 0.140627
1.97 0.139227
1.98 0.13784
1.99 0.136468
2 0.135109
2.01 0.133763
2.02 0.132431
2.03 0.131112
2.04 0.129807
2.05 0.128514
2.06 0.127234
2.07 0.125967
2.08 0.124713
2.09 0.123471
2.1 0.122241
2.11 0.121024
2.12 0.119819
2.13 0.118625
2.14 0.117444
2.15 0.116275
2.16 0.115117
2.17 0.11397
2.18 0.112835
2.19 0.111712
2.2 0.110599
2.21 0.109498
2.22 0.108407
2.23 0.107328
2.24 0.106259
2.25 0.105201
2.26 0.104153
2.27 0.103116
2.28 0.102089
2.29 0.101072
2.3 0.100066
2.31 0.0990694
2.32 0.0980828
2.33 0.097106
2.34 0.096139
2.35 0.0951816
2.36 0.0942337
2.37 0.0932953
2.38 0.0923662
2.39 0.0914464
2.4 0.0905357
2.41 0.0896342
2.42 0.0887415
2.43 0.0878578
2.44 0.0869829
2.45 0.0861167
2.46 0.0852591
2.47 0.08441
2.48 0.0835694
2.49 0.0827372
2.5 0.0819133
2.51 0.0810975
2.52 0.0802899
2.53 0.0794904
2.54 0.0786988
2.55 0.0779151
2.56 0.0771391
2.57 0.076371
2.58 0.0756104
2.59 0.0748575
2.6 0.074112
2.61 0.0733739
2.62 0.0726433
2.63 0.0719198
2.64 0.0712036
2.65 0.0704945
2.66 0.0697925
2.67 0.0690975
2.68 0.0684094
2.69 0.0677281
2.7 0.0670537
2.71 0.0663859
2.72 0.0657248
2.73 0.0650703
2.74 0.0644223
2.75 0.0637808
2.76 0.0631456
2.77 0.0625168
2.78 0.0618942
2.79 0.0612778
2.8 0.0606676
2.81 0.0600634
2.82 0.0594653
2.83 0.0588731
2.84 0.0582868
2.85 0.0577064
2.86 0.0571317
2.87 0.0565628
2.88 0.0559995
2.89 0.0554418
2.9 0.0548897
2.91 0.0543431
2.92 0.0538019
2.93 0.0532661
2.94 0.0527357
2.95 0.0522105
2.96 0.0516906
2.97 0.0511758
2.98 0.0506662
2.99 0.0501616
3 0.0496621
3.01 0.0491675
3.02 0.0486779
3.03 0.0481932
3.04 0.0477132
3.05 0.0472381
3.06 0.0467677
3.07 0.0463019
3.08 0.0458408
3.09 0.0453843
3.1 0.0449324
3.11 0.0444849
3.12 0.0440419
3.13 0.0436033
3.14 0.0431691
3.15 0.0427392
3.16 0.0423136
3.17 0.0418922
3.18 0.041475
3.19 0.041062
3.2 0.0406531
3.21 0.0402482
3.22 0.0398474
3.23 0.0394506
3.24 0.0390577
3.25 0.0386688
3.26 0.0382837
3.27 0.0379025
3.28 0.037525
3.29 0.0371513
3.3 0.0367814
3.31 0.0364151
3.32 0.0360524
3.33 0.0356934
3.34 0.035338
3.35 0.034986
3.36 0.0346376
3.37 0.0342927
3.38 0.0339512
3.39 0.0336131
3.4 0.0332784
3.41 0.032947
3.42 0.0326189
3.43 0.032294
3.44 0.0319724
3.45 0.031654
3.46 0.0313388
3.47 0.0310267
3.48 0.0307177
3.49 0.0304118
3.5 0.030109
3.51 0.0298091
3.52 0.0295123
3.53 0.0292184
3.54 0.0289274
3.55 0.0286393
3.56 0.0283541
3.57 0.0280718
3.58 0.0277922
3.59 0.0275155
3.6 0.0272414
3.61 0.0269702
3.62 0.0267016
3.63 0.0264357
3.64 0.0261724
3.65 0.0259118
3.66 0.0256537
3.67 0.0253983
3.68 0.0251453
3.69 0.0248949
3.7 0.024647
3.71 0.0244016
3.72 0.0241586
3.73 0.023918
3.74 0.0236798
3.75 0.023444
3.76 0.0232105
3.77 0.0229794
3.78 0.0227505
3.79 0.022524
3.8 0.0222997
3.81 0.0220776
3.82 0.0218577
3.83 0.0216401
3.84 0.0214246
3.85 0.0212112
3.86 0.021
3.87 0.0207909
3.88 0.0205838
3.89 0.0203788
3.9 0.0201759
3.91 0.019975
3.92 0.0197761
3.93 0.0195791
3.94 0.0193841
3.95 0.0191911
3.96 0.019
3.97 0.0188108
3.98 0.0186235
3.99 0.018438
4 0.0182544
4.01 0.0180726
4.02 0.0178926
4.03 0.0177144
4.04 0.017538
4.05 0.0173634
4.06 0.0171905
4.07 0.0170193
4.08 0.0168498
4.09 0.016682
4.1 0.0165159
4.11 0.0163514
4.12 0.0161886
4.13 0.0160273
4.14 0.0158677
4.15 0.0157097
4.16 0.0155533
4.17 0.0153984
4.18 0.015245
4.19 0.0150932
4.2 0.0149429
4.21 0.0147941
4.22 0.0146468
4.23 0.0145009
4.24 0.0143565
4.25 0.0142135
4.26 0.014072
4.27 0.0139319
4.28 0.0137931
4.29 0.0136558
4.3 0.0135198
4.31 0.0133851
4.32 0.0132518
4.33 0.0131199
4.34 0.0129892
4.35 0.0128599
4.36 0.0127318
4.37001 0.012605
4.38001 0.0124795
4.39001 0.0123552
4.40001 0.0122322
4.41001 0.0121104
4.42001 0.0119898
4.43001 0.0118704
4.44001 0.0117522
4.45001 0.0116351
4.46001 0.0115193
4.47001 0.0114045
4.48001 0.011291
4.49001 0.0111785
4.50001 0.0110672
4.51001 0.010957
4.52001 0.0108479
4.53001 0.0107398
4.54001 0.0106329
4.55001 0.010527
4.56001 0.0104222
4.57001 0.0103184
4.58001 0.0102156
4.59001 0.0101139
4.60001 0.0100132
4.61001 0.00991347
4.62001 0.00981474
4.63001 0.009717
4.64001 0.00962024
4.65001 0.00952443
4.66001 0.00942959
4.67001 0.00933568
4.68001 0.00924271
4.69001 0.00915067
4.70001 0.00905954
4.71001 0.00896932
4.72001 0.00888
4.73001 0.00879157
4.74001 0.00870402
4.75001 0.00861734
4.76001 0.00853153
4.77001 0.00844657
4.78001 0.00836245
4.79001 0.00827917
4.80001 0.00819673
4.81002 0.0081151
4.82002 0.00803429
4.83002 0.00795428
4.84002 0.00787506
4.85002 0.00779664
4.86002 0.007719
4.87002 0.00764213
4.88002 0.00756602
4.89002 0.00749068
4.90002 0.00741608
4.91002 0.00734223
4.92002 0.00726911
4.93002 0.00719672
4.94002 0.00712505
4.95002 0.0070541
4.96002 0.00698385
4.97002 0.0069143
4.98002 0.00684545
4.99002 0.00677728
5.00002 0.00670979
5.01002 0.00664297
5.02002 0.00657681
5.03002 0.00651132
5.04002 0.00644648
5.05002 0.00638228
5.06002 0.00631872
5.07002 0.0062558
5.08002 0.0061935
5.09002 0.00613182
5.10002 0.00607076
5.11002 0.0060103
5.12002 0.00595045
5.13002 0.00589119
5.14002 0.00583252
5.15002 0.00577444
5.16002 0.00571694
5.17002 0.00566001
5.18002 0.00560364
5.19002 0.00554784
5.20002 0.00549259
5.21002 0.00543789
5.22002 0.00538374
5.23002 0.00533012
5.24003 0.00527704
5.25003 0.00522449
5.26003 0.00517247
5.27003 0.00512096
5.28003 0.00506996
5.29003 0.00501947
5.30003 0.00496948
5.31003 0.00492
5.32003 0.004871
5.33003 0.00482249
5.34003 0.00477447
5.35003 0.00472692
5.36003 0.00467985
5.37003 0.00463325
5.38003 0.00458711
5.39003 0.00454142
5.40003 0.0044962
5.41003 0.00445142
5.42003 0.00440709
5.43003 0.00436321
5.44003 0.00431976
5.45003 0.00427674
5.46003 0.00423415
5.47003 0.00419198
5.48003 0.00415024
5.49003 0.00410891
5.50003 0.00406799
5.51003 0.00402748
5.52003 0.00398737
5.53003 0.00394766
5.54003 0.00390835
5.55003 0.00386943
5.56003 0.0038309
5.57003 0.00379275
5.58003 0.00375498
5.59003 0.00371758
5.60003 0.00368056
5.61003 0.00364391
5.62003 0.00360762
5.63003 0.00357169
5.64003 0.00353613
5.65003 0.00350091
5.66003 0.00346605
5.67003 0.00343153
5.68004 0.00339736
5.69004 0.00336353
5.70004 0.00333003
5.71004 0.00329687
5.72004 0.00326404
5.73004 0.00323153
5.74004 0.00319935
5.75004 0.00316749
5.76004 0.00313595
5.77004 0.00310472
5.78004 0.0030738
5.79004 0.00304319
5.80004 0.00301288
5.81004 0.00298288
5.82004 0.00295317
5.83004 0.00292377
5.84004 0.00289465
5.85004 0.00286582
5.86004 0.00283728
5.87004 0.00280903
5.88004 0.00278106
5.89004 0.00275336
5.90004 0.00272594
5.91004 0.0026988
5.92004 0.00267192
5.93004 0.00264531
5.94004 0.00261897
5.95004 0.00259289
5.96004 0.00256707
5.97004 0.0025415
5.98004 0.00251619
5.99004 0.00249113
6.00004 0.00246633
6.01004 0.00244177
6.02004 0.00241745
6.03004 0.00239338
6.04004 0.00236954
6.05004 0.00234594
6.06004 0.00232258
6.07004 0.00229945
6.08004 0.00227655
6.09004 0.00225388
6.10004 0.00223144
6.11004 0.00220922
6.12005 0.00218722
6.13005 0.00216543
6.14005 0.00214387
6.15005 0.00212252
6.16005 0.00210138
6.17005 0.00208046
6.18005 0.00205974
6.19005 0.00203923
6.20005 0.00201892
6.21005 0.00199881
6.22005 0.00197891
6.23005 0.0019592
6.24005 0.00193969
6.25005 0.00192038
6.26005 0.00190125
6.27005 0.00188232
6.28005 0.00186357
6.29005 0.00184501
6.30005 0.00182664
6.31005 0.00180845
6.32005 0.00179044
6.33005 0.00177261
6.34005 0.00175496
6.35005 0.00173748
6.36005 0.00172018
6.37005 0.00170305
6.38005 0.00168609
6.39005 0.0016693
6.40005 0.00165267
6.41005 0.00163622
6.42005 0.00161992
6.43005 0.00160379
6.44005 0.00158782
6.45005 0.00157201
6.46005 0.00155635
6.47005 0.00154085
6.48005 0.00152551
6.49005 0.00151032
6.50005 0.00149528
6.51005 0.00148039
6.52005 0.00146564
6.53005 0.00145105
6.54005 0.0014366
6.55006 0.00142229
6.56006 0.00140813
6.57006 0.00139411
6.58006 0.00138022
6.59006 0.00136648
6.60006 0.00135287
6.61006 0.0013394
6.62006 0.00132606
6.63006 0.00131285
6.64006 0.00129978
6.65006 0.00128684
6.66006 0.00127402
6.67006 0.00126133
6.68006 0.00124877
6.69006 0.00123634
6.70006 0.00122402
6.71006 0.00121183
6.72006 0.00119977
6.73006 0.00118782
6.74006 0.00117599
6.75006 0.00116428
6.76006 0.00115268
6.77006 0.00114121
6.78006 0.00112984
6.79006 0.00111859
6.80006 0.00110745
6.81006 0.00109642
6.82006 0.0010855
6.83006 0.00107469
6.84006 0.00106399
6.85006 0.0010534
6.86006 0.0010429
6.87006 0.00103252
6.88006 0.00102224
6.89006 0.00101206
6.90006 0.00100198
6.91006 0.000992
6.92006 0.000982121
6.93006 0.000972341
6.94006 0.000962658
6.95006 0.000953071
6.96006 0.00094358
6.97006 0.000934184
6.98006 0.000924881
6.99007 0.00091567
7.00007 0.000906552
7.01007 0.000897524
7.02007 0.000888586
7.03007 0.000879737
7.04007 0.000870976
7.05007 0.000862303
7.06007 0.000853715
7.07007 0.000845214
7.08007 0.000836797
7.09007 0.000828463
7.10007 0.000820213
7.11007 0.000812045
7.12007 0.000803958
7.13007 0.000795952
7.14007 0.000788026
7.15007 0.000780178
7.16007 0.000772409
7.17007 0.000764717
7.18007 0.000757102
7.19007 0.000749562
7.20007 0.000742097
7.21007 0.000734707
7.22007 0.000727391
7.23007 0.000720147
7.24007 0.000712976
7.25007 0.000705875
7.26007 0.000698846
7.27007 0.000691887
7.28007 0.000684996
7.29007 0.000678175
7.30007 0.000671421
7.31007 0.000664735
7.32007 0.000658115
7.33007 0.000651561
7.34007 0.000645073
7.35007 0.000638649
7.36007 0.000632289
7.37007 0.000625992
7.38007 0.000619759
7.39007 0.000613587
7.40007 0.000607476
7.41007 0.000601427
7.42007 0.000595438
7.43008 0.000589508
7.44008 0.000583637
7.45008 0.000577825
7.46008 0.000572071
7.47008 0.000566374
7.48008 0.000560734
7.49008 0.00055515
7.50008 0.000549621
7.51008 0.000544148
7.52008 0.000538729
7.53008 0.000533364
7.54008 0.000528053
7.55008 0.000522794
7.56008 0.000517588
7.57008 0.000512433
7.58008 0.00050733
7.59008 0.000502278
7.60008 0.000497276
7.61008 0.000492324
7.62008 0.000487421
7.63008 0.000482567
7.64008 0.000477762
7.65008 0.000473004
7.66008 0.000468294
7.67008 0.00046363
7.68008 0.000459013
7.69008 0.000454442
7.70008 0.000449916
7.71008 0.000445436
7.72008 0.000441
7.73008 0.000436608
7.74008 0.000432261
7.75008 0.000427956
7.76008 0.000423694
7.77008 0.000419475
7.78008 0.000415297
7.79008 0.000411162
7.80008 0.000407067
7.81008 0.000403013
7.82008 0.000399
7.83008 0.000395027
7.84008 0.000391093
7.85008 0.000387198
7.86009 0.000383342
7.87009 0.000379525
7.88009 0.000375745
7.89009 0.000372003
7.90009 0.000368299
7.91009 0.000364631
7.92009 0.000361
7.93009 0.000357405
7.94009 0.000353846
7.95009 0.000350322
7.96009 0.000346833
7.97009 0.000343379
7.98009 0.00033996
7.99009 0.000336574
8.00009 0.000333223
8.01009 0.000329904
8.02009 0.000326619
8.03009 0.000323366
8.04009 0.000320146
8.05009 0.000316958
8.06009 0.000313801
8.07009 0.000310677
8.08009 0.000307583
8.09009 0.00030452
8.10009 0.000301487
8.11009 0.000298485
8.12009 0.000295512
8.13009 0.000292569
8.14009 0.000289656
8.15009 0.000286771
8.16009 0.000283916
8.17009 0.000281088
8.18009 0.000278289
8.19009 0.000275518
8.20009 0.000272774
8.21009 0.000270058
8.22009 0.000267368
8.23009 0.000264706
8.24009 0.00026207
8.25009 0.00025946
8.26009 0.000256876
8.27009 0.000254318
8.28009 0.000251785
8.29009 0.000249278
8.30009 0.000246795
8.31009 0.000244338
8.3201 0.000241905
8.3301 0.000239496
8.3401 0.000237111
8.3501 0.000234749
8.3601 0.000232412
8.3701 0.000230097
8.3801 0.000227806
8.3901 0.000225537
8.4001 0.000223291
8.4101 0.000221067
8.4201 0.000218866
8.4301 0.000216686
8.4401 0.000214528
8.4501 0.000212392
8.4601 0.000210277
8.4701 0.000208183
8.4801 0.00020611
8.4901 0.000204057
8.5001 0.000202025
8.5101 0.000200013
8.5201 0.000198022
8.5301 0.00019605
8.5401 0.000194097
8.5501 0.000192164
8.5601 0.000190251
8.5701 0.000188356
8.5801 0.00018648
8.5901 0.000184623
8.6001 0.000182785
8.6101 0.000180964
8.6201 0.000179162
8.6301 0.000177378
8.6401 0.000175612
8.6501 0.000173863
8.6601 0.000172131
8.6701 0.000170417
8.6801 0.00016872
8.6901 0.00016704
8.7001 0.000165377
8.7101 0.00016373
8.7201 0.000162099
8.7301 0.000160485
8.7401 0.000158887
8.7501 0.000157304
8.76011 0.000155738
8.77011 0.000154187
8.78011 0.000152652
8.79011 0.000151131
8.80011 0.000149626
8.81011 0.000148136
8.82011 0.000146661
8.83011 0.000145201
8.84011 0.000143755
8.85011 0.000142323
8.86011 0.000140906
8.87011 0.000139502
8.88011 0.000138113
8.89011 0.000136738
8.90011 0.000135376
8.91011 0.000134028
8.92011 0.000132693
8.93011 0.000131372
8.94011 0.000130064
8.95011 0.000128768
8.96011 0.000127486
8.97011 0.000126217
8.98011 0.00012496
8.99011 0.000123715
9.00011 0.000122483
9.01011 0.000121263
9.02011 0.000120056
9.03011 0.00011886
9.04011 0.000117677
9.05011 0.000116505
9.06011 0.000115345
9.07011 0.000114196
9.08011 0.000113059
9.09011 0.000111933
9.10011 0.000110818
9.11011 0.000109714
9.12011 0.000108622
9.13011 0.00010754
9.14011 0.000106469
9.15011 0.000105409
9.16011 0.000104359
9.17011 0.00010332
9.18011 0.000102291
9.19011 0.000101272
9.20012 0.000100264
9.21012 9.92655e-05
9.22012 9.82769e-05
9.23012 9.72983e-05
9.24012 9.63293e-05
9.25012 9.537e-05
9.26012 9.44203e-05
9.27012 9.348e-05
9.28012 9.25491e-05
9.29012 9.16274e-05
9.30012 9.0715e-05
9.31012 8.98116e-05
9.32012 8.89172e-05
9.33012 8.80317e-05
9.34012 8.71551e-05
9.35012 8.62871e-05
9.36012 8.54279e-05
9.37012 8.45771e-05
9.38012 8.37349e-05
9.39012 8.2901e-05
9.40012 8.20754e-05
9.41012 8.12581e-05
9.42012 8.04489e-05
9.43012 7.96477e-05
9.44012 7.88546e-05
9.45012 7.80693e-05
9.46012 7.72919e-05
9.47012 7.65221e-05
9.48012 7.57601e-05
9.49012 7.50057e-05
9.50012 7.42587e-05
9.51012 7.35192e-05
9.52012 7.27871e-05
9.53012 7.20622e-05
9.54012 7.13446e-05
9.55012 7.06341e-05
9.56012 6.99307e-05
9.57012 6.92343e-05
9.58012 6.85448e-05
9.59012 6.78622e-05
9.60012 6.71864e-05
9.61012 6.65174e-05
9.62012 6.58549e-05
9.63013 6.51991e-05
9.64013 6.45499e-05
9.65013 6.3907e-05
9.66013 6.32706e-05
9.67013 6.26405e-05
9.68013 6.20167e-05
9.69013 6.13992e-05
9.70013 6.07877e-05
9.71013 6.01824e-05
9.72013 5.9583e-05
9.73013 5.89897e-05
9.74013 5.84022e-05
9.75013 5.78206e-05
9.76013 5.72448e-05
9.77013 5.66748e-05
9.78013 5.61104e-05
9.79013 5.55516e-05
9.80013 5.49984e-05
9.81013 5.44507e-05
9.82013 5.39084e-05
9.83013 5.33716e-05
9.84013 5.28401e-05
9.85013 5.23139e-05
9.86013 5.17929e-05
9.87013 5.12772e-05
9.88013 5.07665e-05
9.89013 5.0261e-05
9.90013 4.97604e-05
9.91013 4.92649e-05
9.92013 4.87743e-05
9.93013 4.82886e-05
9.94013 4.78077e-05
9.95013 4.73316e-05
9.96013 4.68603e-05
9.97013 4.63936e-05
9.98013 4.59316e-05
9.99013 4.54742e-05
10.0001 4.50213e-05
