0.01 1 -0.01
0.02 0.9999 -0.0199996
0.03 0.999699 -0.0299977
0.04 0.999398 -0.0399935
0.05 0.998996 -0.0499858
0.06 0.998494 -0.0599736
0.07 0.997892 -0.0699561
0.08 0.997189 -0.0799321
0.09 0.996387 -0.0899006
0.1 0.995484 -0.0998607
0.11 0.994481 -0.109811
0.12 0.993378 -0.119752
0.13 0.992176 -0.12968
0.14 0.990874 -0.139597
0.15 0.989472 -0.1495
0.16 0.987971 -0.159388
0.17 0.98637 -0.169261
0.18 0.98467 -0.179118
0.19 0.982872 -0.188957
0.2 0.980974 -0.198778
0.21 0.978978 -0.208579
0.22 0.976884 -0.21836
0.23 0.974691 -0.22812
0.24 0.9724 -0.237857
0.25 0.970012 -0.247571
0.26 0.967525 -0.257261
0.27 0.964942 -0.266926
0.28 0.962262 -0.276564
0.29 0.959484 -0.286175
0.3 0.956611 -0.295758
0.31 0.953641 -0.305312
0.32 0.950575 -0.314835
0.33 0.947413 -0.324328
0.34 0.944157 -0.333789
0.35 0.940805 -0.343216
0.36 0.937358 -0.35261
0.37 0.933817 -0.361969
0.38 0.930183 -0.371292
0.39 0.926454 -0.380578
0.4 0.922633 -0.389827
0.41 0.918718 -0.399037
0.42 0.914711 -0.408207
0.43 0.910612 -0.417337
0.44 0.906421 -0.426426
0.45 0.902139 -0.435472
0.46 0.897766 -0.444476
0.47 0.893303 -0.453435
0.48 0.888749 -0.462349
0.49 0.884107 -0.471217
0.5 0.879375 -0.480038
0.51 0.874554 -0.488812
0.52 0.869646 -0.497537
0.53 0.86465 -0.506213
0.54 0.859566 -0.514838
0.55 0.854396 -0.523412
0.56 0.84914 -0.531934
0.57 0.843799 -0.540403
0.58 0.838372 -0.548819
0.59 0.832861 -0.55718
0.6 0.827266 -0.565485
0.61 0.821588 -0.573734
0.62 0.815826 -0.581926
0.63 0.809983 -0.59006
0.64 0.804057 -0.598135
0.65 0.798051 -0.606151
0.66 0.791964 -0.614106
0.67 0.785798 -0.622
0.68 0.779552 -0.629832
0.69 0.773227 -0.637601
0.7 0.766824 -0.645306
0.71 0.760344 -0.652948
0.72 0.753787 -0.660524
0.73 0.747155 -0.668034
0.74 0.740446 -0.675478
0.75 0.733663 -0.682854
0.76 0.726806 -0.690162
0.77 0.719876 -0.697401
0.78 0.712873 -0.704571
0.79 0.705797 -0.71167
0.8 0.698651 -0.718698
0.81 0.691434 -0.725655
0.82 0.684147 -0.732539
0.83 0.676791 -0.73935
0.839999 0.669367 -0.746087
0.849999 0.661875 -0.752749
0.859999 0.654316 -0.759336
0.869999 0.646691 -0.765848
0.879999 0.639 -0.772283
0.889999 0.631245 -0.778641
0.899999 0.623426 -0.78492
0.909999 0.615544 -0.791122
0.919999 0.6076 -0.797244
0.929999 0.599594 -0.803287
0.939999 0.591528 -0.809249
0.949999 0.583401 -0.815131
0.959999 0.575216 -0.820931
0.969999 0.566972 -0.826649
0.979999 0.558671 -0.832284
0.989999 0.550314 -0.837836
0.999999 0.5419 -0.843304
1.01 0.533432 -0.848688
1.02 0.52491 -0.853986
1.03 0.516334 -0.8592
1.04 0.507706 -0.864327
1.05 0.499027 -0.869368
1.06 0.490297 -0.874322
1.07 0.481517 -0.879189
1.08 0.472689 -0.883967
1.09 0.463812 -0.888657
1.1 0.454888 -0.893258
1.11 0.445918 -0.897769
1.12 0.436903 -0.902191
1.13 0.427843 -0.906522
1.14 0.41874 -0.910763
1.15 0.409595 -0.914912
1.16 0.400407 -0.91897
1.17 0.391179 -0.922936
1.18 0.381911 -0.926809
1.19 0.372604 -0.930589
1.2 0.36326 -0.934276
1.21 0.353878 -0.93787
1.22 0.34446 -0.94137
1.23 0.335007 -0.944775
1.24 0.32552 -0.948085
1.25 0.315999 -0.951301
1.26 0.306446 -0.954421
1.27 0.296862 -0.957446
1.28 0.287248 -0.960374
1.29 0.277604 -0.963207
1.3 0.267932 -0.965943
1.31 0.258232 -0.968581
1.32 0.248506 -0.971123
1.33 0.238754 -0.973568
1.34 0.228977 -0.975915
1.35 0.219177 -0.978164
1.36 0.209355 -0.980315
1.37 0.199511 -0.982367
1.38 0.189646 -0.984321
1.39 0.179762 -0.986177
1.4 0.169859 -0.987933
1.41 0.159938 -0.98959
1.42 0.150001 -0.991148
1.43 0.140048 -0.992607
1.44 0.13008 -0.993966
1.45 0.120099 -0.995225
1.46 0.110105 -0.996385
1.47 0.1001 -0.997444
1.48 0.0900838 -0.998403
1.49 0.0800581 -0.999262
1.5 0.0700237 -1.00002
1.51 0.0599817 -1.00068
1.52 0.0499331 -1.00124
1.53 0.0398788 -1.0017
1.54 0.02982 -1.00205
1.55 0.0197576 -1.00231
1.56 0.00969266 -1.00246
1.57 -0.000373873 -1.00252
1.58 -0.010441 -1.00247
1.59 -0.0205076 -1.00233
1.6 -0.0305728 -1.00208
1.61 -0.0406354 -1.00173
1.62 -0.0506946 -1.00128
1.63 -0.0607493 -1.00074
1.64 -0.0707985 -1.00009
1.65 -0.0808411 -0.999336
1.66 -0.0908763 -0.998486
1.67 -0.100903 -0.997536
1.68 -0.11092 -0.996485
1.69 -0.120926 -0.995334
1.7 -0.130921 -0.994083
1.71 -0.140904 -0.992733
1.72 -0.150873 -0.991282
1.73 -0.160827 -0.989732
1.74 -0.170765 -0.988082
1.75 -0.180688 -0.986333
1.76 -0.190592 -0.984485
1.77 -0.200478 -0.982538
1.78 -0.210345 -0.980492
1.79 -0.22019 -0.978348
1.8 -0.230015 -0.976105
1.81 -0.239817 -0.973764
1.82 -0.249595 -0.971325
1.83 -0.259349 -0.968789
1.84 -0.269077 -0.966155
1.85 -0.278779 -0.963424
1.86 -0.288454 -0.960596
1.87 -0.2981 -0.957671
1.88 -0.307716 -0.95465
1.89 -0.317303 -0.951533
1.9 -0.326858 -0.94832
1.91 -0.336381 -0.945012
1.92 -0.34587 -0.941608
1.93 -0.355326 -0.93811
1.94 -0.364746 -0.934518
1.95 -0.37413 -0.930831
1.96 -0.383478 -0.927051
1.97 -0.392787 -0.923178
1.98 -0.402057 -0.919211
1.99 -0.411288 -0.915152
2 -0.420478 -0.911001
2.01 -0.429626 -0.906758
2.02 -0.438731 -0.902424
2.03 -0.447793 -0.897999
2.04 -0.456811 -0.893484
2.05 -0.465783 -0.888878
2.06 -0.474709 -0.884183
2.07 -0.483587 -0.879399
2.08 -0.492418 -0.874527
2.09 -0.5012 -0.869566
2.1 -0.509932 -0.864517
2.11 -0.518613 -0.859382
2.12 -0.527243 -0.85416
2.13 -0.53582 -0.848852
2.14 -0.544344 -0.843458
2.15 -0.552814 -0.837979
2.16 -0.561229 -0.832416
2.17 -0.569588 -0.826769
2.18 -0.57789 -0.821039
2.19 -0.586135 -0.815226
2.2 -0.594321 -0.80933
2.21 -0.602448 -0.803353
2.22 -0.610516 -0.797295
2.23 -0.618522 -0.791157
2.24 -0.626466 -0.784938
2.25 -0.634349 -0.778641
2.26 -0.642168 -0.772265
2.27 -0.649922 -0.765811
2.28 -0.657613 -0.75928
2.29 -0.665237 -0.752672
2.3 -0.672795 -0.745988
2.31 -0.680286 -0.739229
2.32 -0.68771 -0.732395
2.33 -0.695064 -0.725487
2.34 -0.702349 -0.718506
2.35 -0.709564 -0.711453
2.36 -0.716709 -0.704328
2.37 -0.723781 -0.697131
2.38 -0.730782 -0.689864
2.39 -0.737709 -0.682527
2.4 -0.744563 -0.675122
2.41 -0.751342 -0.667648
2.42 -0.758047 -0.660107
2.43 -0.764675 -0.652499
2.44 -0.771228 -0.644825
2.45 -0.777703 -0.637085
2.46 -0.7841 -0.629282
2.47 -0.79042 -0.621414
2.48 -0.79666 -0.613484
2.49 -0.80282 -0.605492
2.5 -0.8089 -0.597439
2.51 -0.8149 -0.589325
2.52 -0.820818 -0.581151
2.53 -0.826653 -0.572918
2.54 -0.832406 -0.564628
2.55 -0.838076 -0.55628
2.56 -0.843662 -0.547876
2.57 -0.849164 -0.539417
2.58 -0.854581 -0.530903
2.59 -0.859912 -0.522335
2.6 -0.865157 -0.513714
2.61 -0.870316 -0.505041
2.62 -0.875387 -0.496316
2.63 -0.880371 -0.487542
2.64 -0.885267 -0.478718
2.65 -0.890074 -0.469845
2.66 -0.894792 -0.460925
2.67 -0.899421 -0.451957
2.68 -0.903959 -0.442944
2.69 -0.908407 -0.433886
2.7 -0.912764 -0.424784
2.71 -0.91703 -0.415639
2.72 -0.921203 -0.406451
2.73 -0.925285 -0.397222
2.74 -0.929274 -0.387952
2.75 -0.933169 -0.378643
2.76 -0.936972 -0.369296
2.77 -0.94068 -0.359911
2.78 -0.944294 -0.350489
2.79 -0.947814 -0.341031
2.8 -0.951238 -0.331539
2.81 -0.954568 -0.322013
2.82 -0.957801 -0.312454
2.83 -0.960939 -0.302863
2.84 -0.96398 -0.29324
2.85 -0.966925 -0.283588
2.86 -0.969772 -0.273907
2.87 -0.972523 -0.264198
2.88 -0.975176 -0.254462
2.89 -0.977731 -0.244699
2.9 -0.980188 -0.234912
2.91 -0.982547 -0.2251
2.92 -0.984808 -0.215265
2.93 -0.986969 -0.205408
2.94 -0.989032 -0.19553
2.95 -0.990996 -0.185632
2.96 -0.99286 -0.175714
2.97 -0.994624 -0.165778
2.98 -0.996289 -0.155825
2.99 -0.997854 -0.145855
3 -0.999318 -0.135871
3.01 -1.00068 -0.125872
3.02 -1.00195 -0.11586
3.03 -1.00311 -0.105835
3.04 -1.00417 -0.0957999
3.05 -1.00513 -0.0857542
3.06 -1.006 -0.0756992
3.07 -1.00676 -0.0656361
3.08 -1.00742 -0.0555658
3.09 -1.00797 -0.0454893
3.1 -1.00843 -0.0354077
3.11 -1.00879 -0.0253219
3.12 -1.00904 -0.015233
3.13 -1.00919 -0.00514197
3.14 -1.00924 0.00495018
3.15 -1.00919 0.0150424
3.16 -1.00904 0.0251337
3.17 -1.00879 0.0352231
3.18 -1.00844 0.0453096
3.19 -1.00798 0.055392
3.2 -1.00743 0.0654696
3.21 -1.00677 0.0755411
3.22 -1.00601 0.0856056
3.23 -1.00515 0.0956621
3.24 -1.00419 0.10571
3.25 -1.00313 0.115747
3.26 -1.00197 0.125774
3.27 -1.0007 0.135788
3.28 -0.99934 0.145789
3.29 -0.997876 0.155777
3.3 -0.996312 0.165749
3.31 -0.994647 0.175705
3.32 -0.992883 0.185644
3.33 -0.991019 0.195565
3.34 -0.989055 0.205467
3.35 -0.986991 0.215349
3.36 -0.984829 0.22521
3.37 -0.982567 0.235049
3.38 -0.980207 0.244865
3.39 -0.977748 0.254657
3.4 -0.975191 0.264424
3.41 -0.972536 0.274164
3.42 -0.969783 0.283878
3.43 -0.966932 0.293564
3.44 -0.963984 0.303221
3.45 -0.960939 0.312849
3.46 -0.957798 0.322445
3.47 -0.95456 0.332009
3.48 -0.951226 0.341541
3.49 -0.947796 0.351039
3.5 -0.944271 0.360502
3.51 -0.940651 0.36993
3.52 -0.936936 0.379321
3.53 -0.933127 0.388675
3.54 -0.929224 0.39799
3.55 -0.925228 0.407265
3.56 -0.921138 0.4165
3.57 -0.916956 0.425694
3.58 -0.912681 0.434846
3.59 -0.908314 0.443955
3.6 -0.903856 0.453019
3.61 -0.899307 0.462039
3.62 -0.894667 0.471013
3.63 -0.889937 0.47994
3.64 -0.885118 0.488819
3.65 -0.880209 0.49765
3.66 -0.875212 0.506431
3.67 -0.870127 0.515162
3.68 -0.864953 0.523842
3.69 -0.859693 0.532469
3.7 -0.854346 0.541044
3.71 -0.848913 0.549565
3.72 -0.843395 0.558031
3.73 -0.837791 0.566442
3.74 -0.832103 0.574796
3.75 -0.826331 0.583093
3.76 -0.820476 0.591332
3.77 -0.814537 0.599512
3.78 -0.808517 0.607632
3.79 -0.802416 0.615692
3.8 -0.796233 0.62369
3.81 -0.78997 0.631627
3.82 -0.783627 0.6395
3.83 -0.777206 0.64731
3.84 -0.770705 0.655055
3.85 -0.764127 0.662734
3.86 -0.757472 0.670348
3.87 -0.750741 0.677895
3.88 -0.743934 0.685374
3.89 -0.737051 0.692784
3.9 -0.730094 0.700126
3.91 -0.723064 0.707398
3.92 -0.71596 0.714599
3.93 -0.708785 0.721728
3.94 -0.701537 0.728786
3.95 -0.694219 0.735771
3.96 -0.68683 0.742682
3.97 -0.679372 0.74952
3.98 -0.671846 0.756282
3.99 -0.664252 0.762969
4 -0.65659 0.76958
4.01 -0.648862 0.776113
4.02 -0.641068 0.78257
4.03 -0.63321 0.788948
4.04 -0.625288 0.795247
4.05 -0.617302 0.801466
4.06 -0.609254 0.807606
4.07 -0.601144 0.813665
4.08 -0.592973 0.819642
4.09 -0.584742 0.825538
4.1 -0.576453 0.831351
4.11 -0.568104 0.83708
4.12 -0.559699 0.842726
4.13 -0.551236 0.848288
4.14 -0.542718 0.853765
4.15 -0.534144 0.859156
4.16 -0.525517 0.864462
4.17 -0.516836 0.869681
4.18 -0.508103 0.874813
4.19 -0.499318 0.879858
4.2 -0.490483 0.884814
4.21 -0.481598 0.889682
4.22 -0.472664 0.894461
4.23 -0.463682 0.89915
4.24 -0.454653 0.903749
4.25 -0.445578 0.908258
4.26 -0.436457 0.912676
4.27 -0.427292 0.917002
4.28 -0.418084 0.921237
4.29 -0.408833 0.925379
4.3 -0.39954 0.929429
4.31 -0.390207 0.933385
4.32 -0.380834 0.937248
4.33 -0.371423 0.941017
4.34 -0.361973 0.944692
4.35 -0.352487 0.948273
4.36 -0.342965 0.951758
4.37001 -0.333407 0.955148
4.38001 -0.323816 0.958442
4.39001 -0.314191 0.96164
4.40001 -0.304535 0.964742
4.41001 -0.294847 0.967747
4.42001 -0.285129 0.970655
4.43001 -0.275382 0.973466
4.44001 -0.265607 0.976179
4.45001 -0.255804 0.978794
4.46001 -0.245975 0.981311
4.47001 -0.236121 0.98373
4.48001 -0.226243 0.98605
4.49001 -0.216341 0.988271
4.50001 -0.206417 0.990393
4.51001 -0.196472 0.992416
4.52001 -0.186506 0.994339
4.53001 -0.176521 0.996163
4.54001 -0.166518 0.997886
4.55001 -0.156497 0.99951
4.56001 -0.14646 1.00103
4.57001 -0.136408 1.00246
4.58001 -0.126342 1.00378
4.59001 -0.116262 1.005
4.60001 -0.10617 1.00612
4.61001 -0.0960668 1.00714
4.62001 -0.0859533 1.00806
4.63001 -0.0758306 1.00888
4.64001 -0.0656997 1.00959
4.65001 -0.0555615 1.01021
4.66001 -0.0454173 1.01072
4.67001 -0.0352678 1.01113
4.68001 -0.0251142 1.01144
4.69001 -0.0149575 1.01165
4.70001 -0.00479875 1.01176
4.71001 0.00536112 1.01176
4.72001 0.015521 1.01167
4.73001 0.02568 1.01147
4.74001 0.035837 1.01117
4.75001 0.045991 1.01077
4.76001 0.0561409 1.01027
4.77001 0.0662858 1.00967
4.78001 0.0764247 1.00896
4.79001 0.0865564 1.00815
4.80001 0.0966801 1.00725
4.81002 0.106795 1.00624
4.82002 0.116899 1.00513
4.83002 0.126992 1.00392
4.84002 0.137073 1.0026
4.85002 0.147141 1.00119
4.86002 0.157195 0.999679
4.87002 0.167234 0.998065
4.88002 0.177256 0.996351
4.89002 0.187261 0.994537
4.90002 0.197248 0.992622
4.91002 0.207216 0.990608
4.92002 0.217163 0.988495
4.93002 0.22709 0.986282
4.94002 0.236994 0.98397
4.95002 0.246875 0.981559
4.96002 0.256731 0.979049
4.97002 0.266563 0.976441
4.98002 0.276368 0.973734
4.99002 0.286146 0.97093
5.00002 0.295896 0.968028
5.01002 0.305616 0.965028
5.02002 0.315307 0.961932
5.03002 0.324967 0.958739
5.04002 0.334594 0.955449
5.05002 0.344188 0.952063
5.06002 0.353749 0.948581
5.07002 0.363274 0.945004
5.08002 0.372764 0.941332
5.09002 0.382216 0.937565
5.10002 0.391631 0.933704
5.11002 0.401007 0.929748
5.12002 0.410344 0.925699
5.13002 0.419639 0.921557
5.14002 0.428893 0.917322
5.15002 0.438105 0.912995
5.16002 0.447273 0.908576
5.17002 0.456397 0.904065
5.18002 0.465475 0.899463
5.19002 0.474508 0.894771
5.20002 0.483493 0.889989
5.21002 0.49243 0.885117
5.22002 0.501318 0.880155
5.23002 0.510156 0.875105
5.24003 0.518944 0.869967
5.25003 0.52768 0.864741
5.26003 0.536363 0.859428
5.27003 0.544994 0.854029
5.28003 0.55357 0.848543
5.29003 0.562091 0.842972
5.30003 0.570556 0.837316
5.31003 0.578964 0.831575
5.32003 0.587314 0.825751
5.33003 0.595606 0.819843
5.34003 0.603839 0.813853
5.35003 0.612011 0.807781
5.36003 0.620123 0.801627
5.37003 0.628173 0.795392
5.38003 0.63616 0.789077
5.39003 0.644084 0.782682
5.40003 0.651943 0.776209
5.41003 0.659738 0.769657
5.42003 0.667466 0.763028
5.43003 0.675129 0.756321
5.44003 0.682723 0.749538
5.45003 0.69025 0.74268
5.46003 0.697708 0.735746
5.47003 0.705096 0.728738
5.48003 0.712414 0.721657
5.49003 0.719661 0.714503
5.50003 0.726836 0.707276
5.51003 0.733938 0.699978
5.52003 0.740967 0.692609
5.53003 0.747922 0.685171
5.54003 0.754802 0.677663
5.55003 0.761607 0.670087
5.56003 0.768336 0.662443
5.57003 0.774988 0.654732
5.58003 0.781563 0.646954
5.59003 0.78806 0.639112
5.60003 0.794477 0.631204
5.61003 0.800816 0.623233
5.62003 0.807074 0.615199
5.63003 0.813252 0.607102
5.64003 0.819348 0.598945
5.65003 0.825363 0.590726
5.66003 0.831295 0.582448
5.67003 0.837144 0.57411
5.68004 0.842909 0.565715
5.69004 0.84859 0.557262
5.70004 0.854185 0.548753
5.71004 0.859696 0.540188
5.72004 0.86512 0.531569
5.73004 0.870458 0.522895
5.74004 0.875709 0.514169
5.75004 0.880872 0.50539
5.76004 0.885947 0.496561
5.77004 0.890934 0.48768
5.78004 0.895831 0.478751
5.79004 0.900638 0.469772
5.80004 0.905356 0.460746
5.81004 0.909982 0.451673
5.82004 0.914518 0.442555
5.83004 0.918962 0.433391
5.84004 0.923314 0.424183
5.85004 0.927574 0.414932
5.86004 0.93174 0.405639
5.87004 0.935814 0.396305
5.88004 0.939793 0.38693
5.89004 0.943679 0.377516
5.90004 0.94747 0.368064
5.91004 0.951166 0.358574
5.92004 0.954766 0.349047
5.93004 0.958271 0.339485
5.94004 0.96168 0.329888
5.95004 0.964993 0.320257
5.96004 0.968209 0.310594
5.97004 0.971328 0.300899
5.98004 0.97435 0.291173
5.99004 0.977273 0.281417
6.00004 0.980099 0.271633
6.01004 0.982827 0.26182
6.02004 0.985456 0.251981
6.03004 0.987987 0.242116
6.04004 0.990418 0.232226
6.05004 0.99275 0.222312
6.06004 0.994982 0.212375
6.07004 0.997115 0.202417
6.08004 0.999148 0.192437
6.09004 1.00108 0.182438
6.10004 1.00291 0.172419
6.11004 1.00464 0.162383
6.12005 1.00627 0.15233
6.13005 1.0078 0.142261
6.14005 1.00923 0.132177
6.15005 1.01056 0.122079
6.16005 1.01179 0.111968
6.17005 1.01291 0.101845
6.18005 1.01393 0.0917121
6.19005 1.01485 0.081569
6.20005 1.01567 0.071417
6.21005 1.01639 0.0612573
6.22005 1.017 0.0510908
6.23005 1.01752 0.0409187
6.24005 1.01793 0.0307418
6.25005 1.01824 0.0205612
6.26005 1.01844 0.010378
6.27005 1.01855 0.000193086
6.28005 1.01855 -0.00999241
6.29005 1.01845 -0.0201775
6.30005 1.01825 -0.0303611
6.31005 1.01794 -0.0405423
6.32005 1.01754 -0.0507201
6.33005 1.01703 -0.0608933
6.34005 1.01641 -0.071061
6.35005 1.0157 -0.0812222
6.36005 1.01489 -0.0913758
6.37005 1.01397 -0.101521
6.38005 1.01295 -0.111656
6.39005 1.01183 -0.121781
6.40005 1.0106 -0.131894
6.41005 1.00928 -0.141995
6.42005 1.00785 -0.152082
6.43005 1.00633 -0.162154
6.44005 1.0047 -0.17221
6.45005 1.00297 -0.18225
6.46005 1.00114 -0.192272
6.47005 0.999208 -0.202276
6.48005 0.997177 -0.212259
6.49005 0.995046 -0.222222
6.50005 0.992814 -0.232163
6.51005 0.990483 -0.242082
6.52005 0.988052 -0.251976
6.53005 0.985522 -0.261846
6.54005 0.982892 -0.271691
6.55006 0.980164 -0.281508
6.56006 0.977337 -0.291298
6.57006 0.974412 -0.301059
6.58006 0.971389 -0.310791
6.59006 0.968268 -0.320492
6.60006 0.96505 -0.330161
6.61006 0.961734 -0.339798
6.62006 0.958322 -0.349401
6.63006 0.954813 -0.35897
6.64006 0.951209 -0.368503
6.65006 0.947508 -0.377999
6.66006 0.943712 -0.387459
6.67006 0.939822 -0.39688
6.68006 0.935836 -0.406261
6.69006 0.931757 -0.415603
6.70006 0.927583 -0.424903
6.71006 0.923316 -0.434161
6.72006 0.918957 -0.443376
6.73006 0.914504 -0.452547
6.74006 0.90996 -0.461673
6.75006 0.905324 -0.470753
6.76006 0.900597 -0.479787
6.77006 0.895779 -0.488773
6.78006 0.890871 -0.49771
6.79006 0.885873 -0.506598
6.80006 0.880786 -0.515436
6.81006 0.87561 -0.524222
6.82006 0.870346 -0.532956
6.83006 0.864994 -0.541637
6.84006 0.859555 -0.550265
6.85006 0.854029 -0.558837
6.86006 0.848418 -0.567354
6.87006 0.84272 -0.575815
6.88006 0.836938 -0.584218
6.89006 0.831071 -0.592563
6.90006 0.825121 -0.600849
6.91006 0.819088 -0.609075
6.92006 0.812971 -0.61724
6.93006 0.806773 -0.625344
6.94006 0.800494 -0.633386
6.95006 0.794133 -0.641364
6.96006 0.787693 -0.649279
6.97006 0.781173 -0.657128
6.98006 0.774574 -0.664913
6.99007 0.767897 -0.672631
7.00007 0.761143 -0.680281
7.01007 0.754312 -0.687864
7.02007 0.747404 -0.695379
7.03007 0.740421 -0.702824
7.04007 0.733364 -0.710199
7.05007 0.726232 -0.717503
7.06007 0.719027 -0.724735
7.07007 0.711749 -0.731895
7.08007 0.7044 -0.738982
7.09007 0.696979 -0.745995
7.10007 0.689488 -0.752934
7.11007 0.681927 -0.759797
7.12007 0.674297 -0.766585
7.13007 0.6666 -0.773296
7.14007 0.658834 -0.779929
7.15007 0.651002 -0.786485
7.16007 0.643105 -0.792962
7.17007 0.635142 -0.79936
7.18007 0.627115 -0.805678
7.19007 0.619024 -0.811916
7.20007 0.610871 -0.818072
7.21007 0.602656 -0.824146
7.22007 0.59438 -0.830139
7.23007 0.586044 -0.836048
7.24007 0.577649 -0.841873
7.25007 0.569195 -0.847614
7.26007 0.560684 -0.853271
7.27007 0.552115 -0.858842
7.28007 0.543491 -0.864327
7.29007 0.534811 -0.869726
7.30007 0.526078 -0.875038
7.31007 0.517291 -0.880262
7.32007 0.508451 -0.885398
7.33007 0.49956 -0.890446
7.34007 0.490619 -0.895404
7.35007 0.481627 -0.900273
7.36007 0.472587 -0.905052
7.37007 0.463499 -0.90974
7.38007 0.454363 -0.914337
7.39007 0.445182 -0.918842
7.40007 0.435955 -0.923255
7.41007 0.426684 -0.927576
7.42007 0.417369 -0.931804
7.43008 0.408012 -0.935939
7.44008 0.398614 -0.93998
7.45008 0.389175 -0.943927
7.46008 0.379696 -0.947779
7.47008 0.370178 -0.951537
7.48008 0.360623 -0.955199
7.49008 0.351031 -0.958765
7.50008 0.341404 -0.962235
7.51008 0.331741 -0.965609
7.52008 0.322045 -0.968886
7.53008 0.312315 -0.972066
7.54008 0.302554 -0.975149
7.55008 0.292762 -0.978133
7.56008 0.28294 -0.98102
7.57008 0.273088 -0.983809
7.58008 0.263209 -0.986498
7.59008 0.253303 -0.989089
7.60008 0.243371 -0.991581
7.61008 0.233413 -0.993973
7.62008 0.223432 -0.996266
7.63008 0.213428 -0.998458
7.64008 0.203402 -1.00055
7.65008 0.193354 -1.00254
7.66008 0.183287 -1.00443
7.67008 0.173201 -1.00623
7.68008 0.163096 -1.00792
7.69008 0.152975 -1.0095
7.70008 0.142838 -1.01099
7.71008 0.132686 -1.01238
7.72008 0.12252 -1.01366
7.73008 0.112341 -1.01485
7.74008 0.10215 -1.01593
7.75008 0.0919479 -1.01691
7.76008 0.0817364 -1.01778
7.77008 0.071516 -1.01856
7.78008 0.0612879 -1.01923
7.79008 0.051053 -1.0198
7.80008 0.0408124 -1.02027
7.81008 0.030567 -1.02063
7.82008 0.020318 -1.0209
7.83008 0.0100664 -1.02106
7.84008 -0.00018683 -1.02112
7.85008 -0.0104407 -1.02107
7.86009 -0.020694 -1.02092
7.87009 -0.0309459 -1.02067
7.88009 -0.0411953 -1.02032
7.89009 -0.0514412 -1.01987
7.90009 -0.0616825 -1.01931
7.91009 -0.0719182 -1.01865
7.92009 -0.0821473 -1.01789
7.93009 -0.0923687 -1.01702
7.94009 -0.102581 -1.01606
7.95009 -0.112784 -1.01499
7.96009 -0.122977 -1.01382
7.97009 -0.133157 -1.01255
7.98009 -0.143325 -1.01117
7.99009 -0.153479 -1.0097
8.00009 -0.163618 -1.00812
8.01009 -0.173742 -1.00644
8.02009 -0.183848 -1.00466
8.03009 -0.193937 -1.00278
8.04009 -0.204007 -1.0008
8.05009 -0.214056 -0.99872
8.06009 -0.224085 -0.996538
8.07009 -0.234092 -0.994255
8.08009 -0.244076 -0.991873
8.09009 -0.254037 -0.989391
8.10009 -0.263972 -0.986809
8.11009 -0.273881 -0.984128
8.12009 -0.283764 -0.981348
8.13009 -0.293618 -0.978469
8.14009 -0.303444 -0.975492
8.15009 -0.313239 -0.972417
8.16009 -0.323004 -0.969244
8.17009 -0.332737 -0.965974
8.18009 -0.342437 -0.962606
8.19009 -0.352104 -0.959141
8.20009 -0.361735 -0.95558
8.21009 -0.371331 -0.951923
8.22009 -0.38089 -0.94817
8.23009 -0.390411 -0.944321
8.24009 -0.399894 -0.940378
8.25009 -0.409337 -0.936339
8.26009 -0.418739 -0.932207
8.27009 -0.4281 -0.927981
8.28009 -0.437419 -0.923661
8.29009 -0.446694 -0.919248
8.30009 -0.455925 -0.914743
8.31009 -0.465111 -0.910145
8.3201 -0.47425 -0.905456
8.3301 -0.483343 -0.900676
8.3401 -0.492387 -0.895805
8.3501 -0.501383 -0.890843
8.3601 -0.510328 -0.885792
8.3701 -0.519223 -0.880652
8.3801 -0.528066 -0.875423
8.3901 -0.536857 -0.870106
8.4001 -0.545595 -0.864701
8.4101 -0.554278 -0.859209
8.4201 -0.562906 -0.85363
8.4301 -0.571478 -0.847965
8.4401 -0.579993 -0.842215
8.4501 -0.58845 -0.83638
8.4601 -0.596849 -0.83046
8.4701 -0.605188 -0.824457
8.4801 -0.613467 -0.818371
8.4901 -0.621685 -0.812202
8.5001 -0.629841 -0.805951
8.5101 -0.637934 -0.799619
8.5201 -0.645964 -0.793206
8.5301 -0.653929 -0.786714
8.5401 -0.661829 -0.780141
8.5501 -0.669663 -0.77349
8.5601 -0.67743 -0.766761
8.5701 -0.68513 -0.759955
8.5801 -0.692761 -0.753072
8.5901 -0.700324 -0.746113
8.6001 -0.707816 -0.739079
8.6101 -0.715238 -0.731969
8.6201 -0.722588 -0.724787
8.6301 -0.729866 -0.71753
8.6401 -0.737071 -0.710202
8.6501 -0.744203 -0.702801
8.6601 -0.75126 -0.69533
8.6701 -0.758243 -0.687788
8.6801 -0.765149 -0.680177
8.6901 -0.77198 -0.672497
8.7001 -0.778733 -0.664749
8.7101 -0.785408 -0.656934
8.7201 -0.792005 -0.649053
8.7301 -0.798522 -0.641106
8.7401 -0.80496 -0.633094
8.7501 -0.811318 -0.625017
8.76011 -0.817594 -0.616878
8.77011 -0.823789 -0.608676
8.78011 -0.829901 -0.600413
8.79011 -0.83593 -0.592089
8.80011 -0.841876 -0.583705
8.81011 -0.847737 -0.575262
8.82011 -0.853514 -0.56676
8.83011 -0.859205 -0.558202
8.84011 -0.86481 -0.549586
8.85011 -0.870329 -0.540915
8.86011 -0.875761 -0.532189
8.87011 -0.881105 -0.523409
8.88011 -0.886361 -0.514576
8.89011 -0.891528 -0.505691
8.90011 -0.896606 -0.496755
8.91011 -0.901595 -0.487768
8.92011 -0.906493 -0.478732
8.93011 -0.9113 -0.469647
8.94011 -0.916016 -0.460514
8.95011 -0.920641 -0.451335
8.96011 -0.925173 -0.44211
8.97011 -0.929612 -0.432839
8.98011 -0.933959 -0.423525
8.99011 -0.938212 -0.414168
9.00011 -0.942371 -0.404768
9.01011 -0.946436 -0.395328
9.02011 -0.950405 -0.385847
9.03011 -0.95428 -0.376327
9.04011 -0.958059 -0.366768
9.05011 -0.961742 -0.357172
9.06011 -0.965329 -0.34754
9.07011 -0.968818 -0.337872
9.08011 -0.972211 -0.32817
9.09011 -0.975507 -0.318434
9.10011 -0.978704 -0.308666
9.11011 -0.981804 -0.298866
9.12011 -0.984805 -0.289035
9.13011 -0.987708 -0.279175
9.14011 -0.990511 -0.269286
9.15011 -0.993215 -0.25937
9.16011 -0.99582 -0.249427
9.17011 -0.998324 -0.239458
9.18011 -1.00073 -0.229465
9.19011 -1.00303 -0.219448
9.20012 -1.00524 -0.209409
9.21012 -1.00734 -0.199348
9.22012 -1.00934 -0.189266
9.23012 -1.01124 -0.179164
9.24012 -1.01304 -0.169045
9.25012 -1.01474 -0.158907
9.26012 -1.01633 -0.148753
9.27012 -1.01783 -0.138584
9.28012 -1.01922 -0.128399
9.29012 -1.02051 -0.118202
9.30012 -1.0217 -0.107992
9.31012 -1.02278 -0.0977704
9.32012 -1.02376 -0.0875385
9.33012 -1.02464 -0.0772972
9.34012 -1.02542 -0.0670476
9.35012 -1.02609 -0.0567906
9.36012 -1.02666 -0.0465273
9.37012 -1.02713 -0.0362588
9.38012 -1.02749 -0.025986
9.39012 -1.02775 -0.01571
9.40012 -1.02791 -0.00543177
9.41012 -1.02797 0.00484757
9.42012 -1.02792 0.015127
9.43012 -1.02777 0.0254056
9.44012 -1.02751 0.0356821
9.45012 -1.02715 0.0459558
9.46012 -1.02669 0.0562254
9.47012 -1.02613 0.0664899
9.48012 -1.02546 0.0767484
9.49012 -1.02469 0.0869998
9.50012 -1.02381 0.097243
9.51012 -1.02284 0.107477
9.52012 -1.02176 0.117701
9.53012 -1.02058 0.127914
9.54012 -1.01929 0.138114
9.55012 -1.0179 0.148301
9.56012 -1.01642 0.158474
9.57012 -1.01482 0.168632
9.58012 -1.01313 0.178773
9.59012 -1.01134 0.188897
9.60012 -1.00944 0.199002
9.61012 -1.00744 0.209088
9.62012 -1.00534 0.219154
9.63013 -1.00314 0.229198
9.64013 -1.00084 0.23922
9.65013 -0.998436 0.249218
9.66013 -0.995934 0.259192
9.67013 -0.993331 0.269141
9.68013 -0.990628 0.279063
9.69013 -0.987826 0.288957
9.70013 -0.984924 0.298824
9.71013 -0.981923 0.30866
9.72013 -0.978824 0.318467
9.73013 -0.975626 0.328242
9.74013 -0.97233 0.337984
9.75013 -0.968936 0.347693
9.76013 -0.965444 0.357368
9.77013 -0.961856 0.367008
9.78013 -0.95817 0.376611
9.79013 -0.954389 0.386177
9.80013 -0.950511 0.395705
9.81013 -0.946537 0.405193
9.82013 -0.942468 0.414642
9.83013 -0.938304 0.424049
9.84013 -0.934046 0.433414
9.85013 -0.929694 0.442737
9.86013 -0.925248 0.452015
9.87013 -0.920709 0.461249
9.88013 -0.916077 0.470436
9.89013 -0.911353 0.479578
9.90013 -0.906538 0.488671
9.91013 -0.90163 0.497716
9.92013 -0.896632 0.506711
9.93013 -0.891544 0.515657
9.94013 -0.886366 0.524551
9.95013 -0.881099 0.533392
9.96013 -0.875742 0.542181
9.97013 -0.870298 0.550916
9.98013 -0.864766 0.559596
9.99013 -0.859146 0.56822
10.0001 -0.85344 0.576788
